C   517 240 226 232 238   
D   160 156 166 168 170
E   314 357 306 292 334
F   108 133 127 118 117
G   71  43  48  50  112
H   81  67  59  159 110
I   228 283 277 277 276
J   137 197 179 164 160
K   102 107 107 93  96
L   209 202 230 245 258
M   298 339 368 358 332   
N   433 604 568 568 560
Q   110 95  117 110 108
R   74  52  65  61  56
S   48  17  22  27  30
T   63  45  56  45  68
U   76  51  57  55  57
V   186 111 158 168 150
X   95  83  95  83  81    
Y   72  66  62  65  73
Z   62  47  46  44  38
aa  59  32  40  44  44
ab  85  38  39  70  52
ac  68  51  114 52  38
af  53  30  26  25  21
ag  49  17  20  28  28 
ah  35  12  29  21  47
ai  84  83  114 111 111
